6.623
6.623
6.623
6.623
6.623
6.623
6.623
6.623
6.596
6.596
6.596
6.596
6.596
6.596
6.596
6.596
6.596
6.585
6.585
6.585
6.585
6.585
6.585
6.585
6.585
6.575
6.575
6.575
6.575
6.575
6.575
6.575
6.575
6.575
6.575
6.567
6.567
6.567
6.567
6.567
6.567
6.567
6.567
6.563
6.563
6.563
6.563
6.563
6.563
6.563
6.563
6.564
6.564
6.564
6.564
6.564
6.564
6.564
6.564
6.56
6.56
6.56
6.56
6.56
6.56
6.56
6.56
6.56
6.56
6.56
6.56
6.56
6.56
6.56
6.56
6.56
6.56
6.56
6.56
6.56
6.56
6.56
6.56
6.56
6.56
6.56
6.558
6.558
6.558
6.558
6.558
6.558
6.558
6.558
6.559
6.559
6.559
6.559
6.559
6.559
6.559
6.559
6.559
6.559
6.559
6.559
6.559
6.559
6.559
6.559
6.559
6.559
6.558
6.558
6.558
6.558
6.558
6.558
6.558
6.558
6.555
6.555
6.555
6.555
6.555
6.555
6.555
6.555
6.555
6.558
6.558
6.558
6.558
6.558
6.558
6.558
6.558
6.553
6.553
6.553
6.553
6.553
6.553
6.553
6.553
6.553
6.553
6.556
6.556
6.556
6.556
6.556
6.556
6.556
6.556
6.55
6.55
6.55
6.55
6.55
6.55
6.55
6.55
6.55
6.551
6.551
6.551
6.551
6.551
6.551
6.551
6.551
6.548
6.548
6.548
6.548
6.548
6.548
6.548
6.548
6.548
6.548
6.553
6.553
6.553
6.553
6.553
6.553
6.553
6.553
6.55
6.55
6.55
6.55
6.55
6.55
6.55
6.55
6.552
6.552
6.552
6.552
6.552
6.552
6.552
6.552
6.552
6.552
6.552
6.552
6.552
6.552
6.552
6.552
6.552
6.554
6.554
6.554
6.554
6.554
6.554
6.554
6.554
6.554
6.554
6.553
6.553
6.553
6.553
6.553
6.553
6.55
6.55
6.55
6.55
6.55
6.55
6.55
6.55
6.549
6.549
6.549
6.549
6.549
6.549
6.549
6.549
6.549
6.552
6.552
6.552
6.552
6.552
6.552
6.552
6.552
6.552
6.554
6.554
6.554
6.554
6.554
6.554
6.554
6.554
6.552
6.552
6.552
6.552
6.552
6.552
6.552
6.552
6.55
6.55
6.55
6.55
6.55
6.55
6.55
6.55
6.552
6.552
6.552
6.552
6.552
6.552
6.552
6.552
6.552
6.552
6.552
6.552
6.552
6.552
6.552
6.552
6.552
6.552
6.552
6.552
6.552
6.552
6.552
6.552
6.552
6.551
6.551
6.551
6.551
6.551
6.551
6.551
6.551
6.548
6.548
6.548
6.548
6.548
6.548
6.548
6.548
6.55
6.55
6.55
6.55
6.55
6.55
6.55
6.55
6.55
6.562
6.562
6.562
6.562
6.562
6.562
6.562
6.562
6.562
6.567
6.567
6.567
6.567
6.567
6.567
6.567
6.567
6.563
6.563
6.563
6.563
6.563
6.563
6.563
6.563
6.561
6.561
6.561
6.561
6.561
6.561
6.561
6.561
6.56
6.56
6.56
6.56
6.56
6.56
6.56
6.56
6.559
6.559
6.559
6.559
6.559
6.559
6.559
6.559
6.563
6.563
6.563
6.563
6.563
6.563
6.563
6.563
6.563
6.562
6.562
6.562
6.562
6.562
6.562
6.562
6.562
6.562
6.56
6.56
6.56
6.56
6.56
6.56
6.56
6.56
6.562
6.562
6.562
6.562
6.562
6.562
6.562
6.562
6.559
6.559
6.559
6.559
6.559
6.559
6.559
6.559
6.559
6.56
6.56
6.56
6.56
6.56
6.56
6.56
6.56
6.56
6.566
6.566
6.566
6.566
6.566
6.566
6.566
6.566
6.566
6.57
6.57
6.57
6.57
6.57
6.57
6.57
6.57
6.573
6.573
6.573
6.573
6.573
6.573
6.573
6.573
6.59
6.59
6.59
6.59
6.59
6.59
6.59
6.59
6.593
6.593
6.593
6.593
6.593
6.593
6.593
6.593
6.593
6.593
6.608
6.608
6.608
6.608
6.608
6.608
6.608
6.608
6.61
6.61
6.61
6.61
6.61
6.61
6.61
6.61
6.592
6.592
6.592
6.592
6.592
6.592
6.592
6.592
6.592
6.592
6.592
6.592
6.592
6.592
6.592
6.592
6.592
6.592
6.59
6.59
6.59
6.59
6.59
6.59
6.59
6.59
6.59
6.587
6.587
6.587
6.587
6.587
6.587
6.587
6.587
6.583
6.583
6.583
6.583
6.583
6.583
6.583
6.583
6.584
6.584
6.584
6.584
6.584
6.584
6.584
6.584
6.584
6.584
6.585
6.585
6.585
6.585
6.585
6.585
6.585
6.585
6.585
6.583
6.583
6.583
6.583
6.583
6.583
6.583
6.583
6.585
6.585
6.585
6.585
6.585
6.585
6.585
6.585
6.584
6.584
6.584
6.584
6.584
6.584
6.584
6.584
6.584
6.611
6.611
6.611
6.611
6.611
6.611
6.611
6.611
6.611
6.669
6.669
6.669
6.669
6.669
6.669
6.669
6.669
6.669
6.645
6.645
6.645
6.645
6.645
6.645
6.645
6.645
6.614
6.614
6.614
6.614
6.614
6.614
6.614
6.614
6.615
6.615
6.615
6.615
6.615
6.615
6.615
6.615
6.615
6.615
6.614
6.614
6.614
6.614
6.614
6.614
6.614
6.614
6.612
6.612
6.612
6.612
6.612
6.612
6.612
6.612
6.608
6.608
6.608
6.608
6.608
6.608
6.608
6.608
6.604
6.604
6.604
6.604
6.604
6.604
6.604
6.604
6.604
6.604